Categorical 12-step scheme, after ColorBrewer 11-step Paired Scheme     
RGB                     HSV                     CMYK                            RGB256
   1.000   0.750   0.500  30.000   0.500   1.000   0.000   0.250   0.500   0.000     255     191     127
   1.000   0.500   0.000  30.000   1.000   1.000   0.000   0.500   1.000   0.000     255     127       0
   1.000   1.000   0.600  60.000   0.400   1.000   0.000   0.000   0.400   0.000     255     255     153
   1.000   1.000   0.200  60.000   0.800   1.000   0.000   0.000   0.800   0.000     255     255      50
   0.700   1.000   0.550 100.000   0.450   1.000   0.300   0.000   0.450   0.000     178     255     140
   0.200   1.000   0.000 108.000   1.000   1.000   0.800   0.000   1.000   0.000      50     255       0
   0.650   0.930   1.000 192.000   0.350   1.000   0.350   0.070   0.000   0.000     165     237     255
   0.100   0.700   1.000 200.000   0.900   1.000   0.900   0.300   0.000   0.000      25     178     255
   0.800   0.750   1.000 252.000   0.250   1.000   0.200   0.250   0.000   0.000     204     191     255
   0.400   0.300   1.000 248.571   0.700   1.000   0.600   0.700   0.000   0.000     101      76     255
   1.000   0.600   0.750 337.500   0.400   1.000   0.000   0.400   0.250   0.000     255     153     191
   0.900   0.100   0.200 352.500   0.889   0.900   0.100   0.900   0.800   0.000     229      25      50
